rgb(244, 237, 124)
rgb(244, 237, 71)
rgb(249, 232, 20)
rgb(198, 173, 15)
rgb(173, 155, 12)
rgb(130, 117, 15)
rgb(247, 232, 89)
rgb(249, 229, 38)
rgb(249, 221, 22)
rgb(249, 214, 22)
rgb(216, 181, 17)
rgb(170, 147, 10)
rgb(153, 132, 10)
rgb(249, 229, 91)
rgb(249, 226, 76)
rgb(249, 224, 76)
rgb(252, 209, 22)
rgb(198, 160, 12)
rgb(170, 142, 10)
rgb(137, 119, 25)
rgb(249, 226, 127)
rgb(249, 224, 112)
rgb(252, 216, 86)
rgb(255, 198, 30)
rgb(224, 170, 15)
rgb(181, 140, 10)
rgb(163, 130, 5)
rgb(244, 226, 135)
rgb(244, 219, 96)
rgb(242, 209, 61)
rgb(234, 175, 15)
rgb(198, 147, 10)
rgb(158, 124, 10)
rgb(112, 91, 10)
rgb(255, 216, 127)
rgb(252, 201, 99)
rgb(252, 191, 73)
rgb(252, 163, 17)
rgb(216, 140, 2)
rgb(175, 117, 5)
rgb(122, 91, 17)
rgb(242, 206, 104)
rgb(242, 191, 73)
rgb(239, 178, 45)
rgb(226, 140, 5)
rgb(198, 127, 7)
rgb(158, 107, 5)
rgb(114, 94, 38)
rgb(255, 214, 155)
rgb(252, 204, 147)
rgb(252, 173, 86)
rgb(247, 127, 0)
rgb(221, 117, 0)
rgb(188, 109, 10)
rgb(153, 89, 5)
rgb(244, 219, 170)
rgb(242, 198, 140)
rgb(237, 160, 79)
rgb(232, 117, 17)
rgb(198, 96, 5)
rgb(158, 84, 10)
rgb(99, 58, 17)
rgb(249, 198, 170)
rgb(252, 158, 112)
rgb(252, 127, 63)
rgb(249, 99, 2)
rgb(221, 89, 0)
rgb(188, 79, 7)
rgb(109, 48, 17)
rgb(249, 186, 170)
rgb(249, 137, 114)
rgb(249, 96, 58)
rgb(247, 73, 2)
rgb(209, 68, 20)
rgb(147, 51, 17)
rgb(109, 51, 33)
rgb(249, 175, 173)
rgb(249, 130, 127)
rgb(249, 94, 89)
rgb(226, 61, 40)
rgb(193, 56, 40)
rgb(124, 45, 35)
rgb(249, 191, 193)
rgb(252, 140, 153)
rgb(252, 94, 114)
rgb(232, 17, 45)
rgb(206, 17, 38)
rgb(175, 30, 45)
rgb(124, 33, 40)
rgb(255, 163, 178)
rgb(252, 117, 142)
rgb(244, 71, 107)
rgb(229, 5, 58)
rgb(219, 130, 140)
rgb(153, 33, 53)
rgb(244, 201, 201)
rgb(239, 153, 163)
rgb(119, 45, 53)
rgb(216, 28, 63)
rgb(196, 30, 58)
rgb(163, 38, 56)
rgb(140, 38, 51)
rgb(242, 175, 193)
rgb(237, 122, 158)
rgb(229, 76, 124)
rgb(211, 5, 71)
rgb(186, 170, 158)
rgb(142, 35, 68)
rgb(117, 38, 61)
rgb(255, 160, 191)
rgb(255, 119, 168)
rgb(249, 79, 142)
rgb(234, 15, 107)
rgb(204, 2, 86)
rgb(165, 5, 68)
rgb(124, 30, 63)
rgb(244, 191, 209)
rgb(237, 114, 170)
rgb(226, 40, 130)
rgb(170, 0, 79)
rgb(147, 0, 66)
rgb(112, 25, 61)
rgb(249, 147, 196)
rgb(244, 107, 175)
rgb(237, 40, 147)
rgb(214, 2, 112)
rgb(173, 0, 91)
rgb(140, 0, 76)
rgb(109, 33, 63)
rgb(255, 160, 204)
rgb(252, 112, 186)
rgb(244, 63, 165)
rgb(206, 0, 124)
rgb(170, 0, 102)
rgb(142, 5, 84)
rgb(249, 175, 211)
rgb(244, 132, 196)
rgb(237, 79, 175)
rgb(224, 33, 158)
rgb(196, 15, 137)
rgb(173, 0, 117)
rgb(124, 28, 81)
rgb(242, 186, 216)
rgb(237, 160, 211)
rgb(232, 127, 201)
rgb(204, 0, 160)
rgb(183, 0, 142)
rgb(163, 5, 127)
rgb(127, 40, 96)
rgb(237, 196, 221)
rgb(226, 158, 214)
rgb(211, 107, 198)
rgb(175, 35, 165)
rgb(160, 45, 150)
rgb(119, 45, 107)
rgb(229, 196, 214)
rgb(211, 165, 201)
rgb(155, 79, 150)
rgb(114, 22, 107)
rgb(104, 30, 91)
rgb(94, 33, 84)
rgb(84, 35, 68)
rgb(224, 206, 224)
rgb(198, 170, 219)
rgb(150, 99, 196)
rgb(109, 40, 170)
rgb(89, 17, 142)
rgb(79, 33, 112)
rgb(68, 35, 89)
rgb(186, 175, 211)
rgb(158, 145, 198)
rgb(137, 119, 186)
rgb(56, 25, 122)
rgb(43, 17, 102)
rgb(38, 15, 84)
rgb(43, 33, 71)
rgb(181, 209, 232)
rgb(153, 186, 221)
rgb(102, 137, 204)
rgb(0, 43, 127)
rgb(0, 40, 104)
rgb(0, 38, 84)
rgb(155, 196, 226)
rgb(117, 170, 219)
rgb(58, 117, 196)
rgb(0, 56, 168)
rgb(0, 56, 147)
rgb(0, 51, 127)
rgb(0, 38, 73)
rgb(196, 216, 226)
rgb(168, 206, 226)
rgb(117, 178, 221)
rgb(0, 81, 186)
rgb(0, 63, 135)
rgb(0, 56, 107)
rgb(0, 45, 71)
rgb(130, 198, 226)
rgb(81, 181, 224)
rgb(0, 163, 221)
rgb(0, 114, 198)
rgb(0, 91, 153)
rgb(0, 79, 109)
rgb(0, 63, 84)
rgb(165, 221, 226)
rgb(112, 206, 226)
rgb(0, 188, 226)
rgb(0, 122, 165)
rgb(0, 96, 124)
rgb(0, 63, 73)
rgb(114, 209, 221)
rgb(40, 196, 216)
rgb(0, 173, 198)
rgb(0, 153, 181)
rgb(0, 130, 155)
rgb(0, 107, 119)
rgb(0, 73, 79)
rgb(201, 232, 221)
rgb(147, 221, 219)
rgb(76, 206, 209)
rgb(0, 158, 160)
rgb(0, 135, 137)
rgb(0, 114, 114)
rgb(0, 102, 99)
rgb(170, 221, 214)
rgb(86, 201, 193)
rgb(0, 178, 170)
rgb(0, 140, 130)
rgb(0, 119, 112)
rgb(0, 109, 102)
rgb(0, 89, 81)
rgb(186, 234, 214)
rgb(160, 229, 206)
rgb(94, 221, 193)
rgb(0, 153, 124)
rgb(0, 124, 102)
rgb(0, 104, 84)
rgb(155, 219, 193)
rgb(122, 209, 181)
rgb(0, 178, 140)
rgb(0, 153, 119)
rgb(0, 122, 94)
rgb(0, 107, 84)
rgb(0, 86, 63)
rgb(181, 226, 191)
rgb(150, 216, 175)
rgb(112, 206, 155)
rgb(0, 158, 96)
rgb(0, 135, 81)
rgb(0, 107, 63)
rgb(35, 79, 51)
rgb(181, 232, 191)
rgb(153, 229, 178)
rgb(132, 226, 168)
rgb(0, 183, 96)
rgb(0, 158, 73)
rgb(0, 122, 61)
rgb(33, 91, 51)
rgb(170, 221, 150)
rgb(160, 219, 142)
rgb(96, 198, 89)
rgb(30, 181, 58)
rgb(51, 158, 53)
rgb(61, 142, 51)
rgb(58, 119, 40)
rgb(211, 232, 163)
rgb(196, 229, 142)
rgb(170, 221, 109)
rgb(91, 191, 33)
rgb(86, 170, 28)
rgb(86, 142, 20)
rgb(86, 107, 33)
rgb(216, 237, 150)
rgb(206, 234, 130)
rgb(186, 232, 96)
rgb(140, 214, 0)
rgb(127, 186, 0)
rgb(112, 147, 2)
rgb(86, 99, 20)
rgb(224, 234, 104)
rgb(214, 229, 66)
rgb(204, 226, 38)
rgb(186, 216, 10)
rgb(163, 175, 7)
rgb(147, 153, 5)
rgb(112, 112, 20)
rgb(232, 237, 96)
rgb(224, 237, 68)
rgb(214, 232, 15)
rgb(206, 224, 7)
rgb(186, 196, 5)
rgb(158, 158, 7)
rgb(132, 130, 5)
rgb(242, 239, 135)
rgb(234, 237, 53)
rgb(229, 232, 17)
rgb(224, 226, 12)
rgb(193, 191, 10)
rgb(175, 168, 10)
rgb(153, 142, 7)
rgb(209, 198, 181)
rgb(193, 181, 165)
rgb(175, 165, 147)
rgb(153, 140, 124)
rgb(130, 117, 102)
rgb(107, 94, 79)
rgb(206, 193, 181)
rgb(168, 153, 140)
rgb(153, 137, 124)
rgb(124, 109, 99)
rgb(102, 89, 76)
rgb(61, 48, 40)
rgb(198, 193, 178)
rgb(181, 175, 160)
rgb(163, 158, 140)
rgb(142, 140, 122)
rgb(119, 114, 99)
rgb(96, 94, 79)
rgb(40, 40, 33)
rgb(209, 204, 191)
rgb(191, 186, 175)
rgb(175, 170, 163)
rgb(150, 147, 142)
rgb(130, 127, 119)
rgb(96, 96, 91)
rgb(43, 43, 40)
rgb(221, 219, 209)
rgb(209, 206, 198)
rgb(173, 175, 170)
rgb(145, 150, 147)
rgb(102, 109, 112)
rgb(68, 79, 81)
rgb(48, 56, 58)
rgb(224, 209, 198)
rgb(211, 191, 183)
rgb(188, 165, 158)
rgb(140, 112, 107)
rgb(89, 63, 61)
rgb(73, 53, 51)
rgb(63, 48, 43)
rgb(209, 209, 198)
rgb(186, 191, 183)
rgb(163, 168, 163)
rgb(137, 142, 140)
rgb(86, 89, 89)
rgb(73, 76, 73)
rgb(63, 63, 56)
rgb(84, 71, 45)
rgb(84, 71, 38)
rgb(96, 84, 43)
rgb(173, 160, 122)
rgb(196, 183, 150)
rgb(214, 204, 175)
rgb(226, 216, 191)
rgb(102, 86, 20)
rgb(153, 135, 20)
rgb(181, 155, 12)
rgb(221, 204, 107)
rgb(226, 214, 124)
rgb(234, 221, 150)
rgb(237, 229, 173)
rgb(91, 71, 35)
rgb(117, 84, 38)
rgb(135, 96, 40)
rgb(193, 168, 117)
rgb(209, 191, 145)
rgb(221, 204, 165)
rgb(226, 214, 181)
rgb(96, 51, 17)
rgb(155, 79, 25)
rgb(188, 94, 30)
rgb(234, 170, 122)
rgb(244, 196, 160)
rgb(244, 204, 170)
rgb(247, 211, 181)
rgb(89, 61, 43)
rgb(99, 56, 38)
rgb(122, 63, 40)
rgb(175, 137, 112)
rgb(211, 183, 163)
rgb(224, 204, 186)
rgb(229, 211, 193)
rgb(107, 48, 33)
rgb(155, 48, 28)
rgb(216, 30, 5)
rgb(237, 158, 132)
rgb(239, 181, 160)
rgb(242, 196, 175)
rgb(242, 209, 191)
rgb(91, 38, 38)
rgb(117, 40, 40)
rgb(145, 51, 56)
rgb(242, 173, 178)
rgb(244, 188, 191)
rgb(247, 201, 198)
rgb(81, 40, 38)
rgb(109, 51, 43)
rgb(122, 56, 45)
rgb(206, 137, 140)
rgb(234, 178, 178)
rgb(242, 198, 196)
rgb(244, 209, 204)
rgb(81, 30, 38)
rgb(102, 30, 43)
rgb(122, 38, 56)
rgb(216, 137, 155)
rgb(232, 165, 175)
rgb(242, 186, 191)
rgb(244, 198, 201)
rgb(96, 33, 68)
rgb(132, 33, 107)
rgb(158, 35, 135)
rgb(216, 132, 188)
rgb(232, 163, 201)
rgb(242, 186, 211)
rgb(244, 204, 216)
rgb(81, 45, 68)
rgb(99, 48, 94)
rgb(112, 53, 114)
rgb(181, 140, 178)
rgb(198, 163, 193)
rgb(211, 183, 204)
rgb(226, 204, 211)
rgb(81, 38, 84)
rgb(104, 33, 122)
rgb(122, 30, 153)
rgb(175, 114, 193)
rgb(206, 163, 211)
rgb(214, 175, 214)
rgb(229, 198, 219)
rgb(53, 56, 66)
rgb(53, 63, 91)
rgb(58, 73, 114)
rgb(155, 163, 183)
rgb(173, 178, 193)
rgb(196, 198, 206)
rgb(214, 211, 214)
rgb(0, 48, 73)
rgb(0, 51, 91)
rgb(0, 63, 119)
rgb(102, 147, 188)
rgb(147, 183, 209)
rgb(183, 204, 219)
rgb(196, 211, 221)
rgb(12, 56, 68)
rgb(0, 63, 84)
rgb(0, 68, 89)
rgb(94, 153, 170)
rgb(135, 175, 191)
rgb(163, 193, 201)
rgb(196, 214, 214)
rgb(35, 68, 53)
rgb(25, 94, 71)
rgb(7, 109, 84)
rgb(122, 168, 145)
rgb(163, 193, 173)
rgb(183, 206, 188)
rgb(198, 214, 196)
rgb(43, 76, 63)
rgb(38, 102, 89)
rgb(30, 122, 109)
rgb(127, 188, 170)
rgb(5, 112, 94)
rgb(188, 219, 204)
rgb(209, 226, 211)
rgb(38, 81, 66)
rgb(0, 135, 114)
rgb(127, 198, 178)
rgb(170, 219, 198)
rgb(188, 226, 206)
rgb(204, 229, 214)
rgb(73, 89, 40)
rgb(84, 119, 48)
rgb(96, 142, 58)
rgb(181, 204, 142)
rgb(198, 214, 160)
rgb(201, 214, 163)
rgb(216, 221, 181)
rgb(96, 94, 17)
rgb(135, 137, 5)
rgb(170, 186, 10)
rgb(206, 214, 73)
rgb(219, 224, 107)
rgb(226, 229, 132)
rgb(232, 232, 155)
rgb(244, 237, 175)
rgb(242, 237, 158)
rgb(242, 234, 135)
rgb(237, 232, 91)
rgb(232, 221, 33)
rgb(221, 206, 17)
rgb(211, 191, 17)
rgb(242, 234, 188)
rgb(239, 232, 173)
rgb(234, 229, 150)
rgb(226, 219, 114)
rgb(214, 206, 73)
rgb(196, 186, 0)
rgb(175, 160, 12)
rgb(234, 226, 183)
rgb(226, 219, 170)
rgb(221, 214, 155)
rgb(204, 196, 124)
rgb(181, 170, 89)
rgb(150, 140, 40)
rgb(132, 119, 17)
rgb(216, 221, 206)
rgb(193, 209, 191)
rgb(165, 191, 170)
rgb(127, 160, 140)
rgb(91, 135, 114)
rgb(33, 84, 63)
rgb(12, 48, 38)
rgb(204, 226, 221)
rgb(178, 216, 216)
rgb(140, 204, 211)
rgb(84, 183, 198)
rgb(0, 160, 186)
rgb(0, 127, 153)
rgb(0, 102, 127)
rgb(186, 224, 224)
rgb(153, 214, 221)
rgb(107, 201, 219)
rgb(0, 181, 214)
rgb(0, 160, 196)
rgb(0, 140, 178)
rgb(0, 122, 165)
rgb(209, 216, 216)
rgb(198, 209, 214)
rgb(155, 175, 196)
rgb(119, 150, 178)
rgb(94, 130, 163)
rgb(38, 84, 124)
rgb(0, 48, 94)
rgb(214, 214, 216)
rgb(191, 198, 209)
rgb(155, 170, 191)
rgb(109, 135, 168)
rgb(51, 86, 135)
rgb(15, 43, 91)
rgb(12, 28, 71)
rgb(214, 219, 224)
rgb(193, 201, 221)
rgb(165, 175, 214)
rgb(127, 140, 191)
rgb(89, 96, 168)
rgb(45, 51, 142)
rgb(12, 25, 117)
rgb(226, 211, 214)
rgb(216, 204, 209)
rgb(198, 181, 196)
rgb(168, 147, 173)
rgb(127, 102, 137)
rgb(102, 73, 117)
rgb(71, 43, 89)
rgb(242, 214, 216)
rgb(239, 198, 211)
rgb(234, 170, 196)
rgb(224, 140, 178)
rgb(211, 107, 158)
rgb(188, 56, 119)
rgb(160, 0, 84)
rgb(237, 214, 214)
rgb(234, 204, 206)
rgb(229, 191, 198)
rgb(211, 158, 175)
rgb(183, 114, 142)
rgb(160, 81, 117)
rgb(127, 40, 79)
rgb(239, 204, 206)
rgb(234, 191, 196)
rgb(224, 170, 186)
rgb(201, 137, 158)
rgb(178, 102, 132)
rgb(147, 66, 102)
rgb(112, 35, 66)
rgb(239, 209, 201)
rgb(232, 191, 186)
rgb(219, 168, 165)
rgb(201, 140, 140)
rgb(178, 107, 112)
rgb(142, 71, 73)
rgb(127, 56, 58)
rgb(247, 209, 204)
rgb(247, 191, 191)
rgb(242, 165, 170)
rgb(232, 135, 142)
rgb(214, 96, 109)
rgb(183, 56, 68)
rgb(158, 40, 40)
rgb(249, 221, 214)
rgb(252, 201, 198)
rgb(252, 173, 175)
rgb(249, 142, 153)
rgb(242, 104, 119)
rgb(224, 66, 81)
rgb(209, 45, 51)
rgb(255, 211, 170)
rgb(249, 201, 163)
rgb(249, 186, 130)
rgb(252, 158, 73)
rgb(242, 132, 17)
rgb(211, 109, 0)
rgb(191, 91, 0)
rgb(244, 209, 175)
rgb(239, 196, 158)
rgb(232, 178, 130)
rgb(209, 142, 84)
rgb(186, 117, 48)
rgb(142, 73, 5)
rgb(117, 56, 2)
rgb(237, 211, 181)
rgb(226, 191, 155)
rgb(211, 168, 124)
rgb(193, 142, 96)
rgb(170, 117, 63)
rgb(114, 63, 10)
rgb(96, 51, 10)
rgb(0, 170, 204)
rgb(96, 221, 73)
rgb(255, 237, 56)
rgb(255, 147, 56)
rgb(249, 89, 81)
rgb(255, 0, 147)
rgb(214, 0, 158)
rgb(0, 181, 155)
rgb(221, 224, 15)
rgb(255, 204, 30)
rgb(255, 114, 71)
rgb(252, 35, 102)
rgb(229, 0, 153)
rgb(140, 96, 193)
rgb(247, 232, 170)
rgb(249, 224, 140)
rgb(255, 204, 73)
rgb(252, 181, 20)
rgb(191, 145, 12)
rgb(163, 127, 20)
rgb(124, 99, 22)
rgb(255, 214, 145)
rgb(252, 206, 135)
rgb(252, 186, 94)
rgb(249, 155, 12)
rgb(204, 122, 2)
rgb(153, 96, 7)
rgb(107, 71, 20)
rgb(255, 183, 119)
rgb(255, 153, 63)
rgb(244, 124, 0)
rgb(181, 84, 0)
rgb(140, 68, 0)
rgb(76, 40, 15)
rgb(249, 191, 158)
rgb(252, 165, 119)
rgb(252, 135, 68)
rgb(249, 107, 7)
rgb(209, 91, 5)
rgb(160, 79, 17)
rgb(132, 63, 15)
rgb(249, 165, 140)
rgb(249, 142, 109)
rgb(249, 114, 66)
rgb(249, 86, 2)
rgb(221, 79, 5)
rgb(165, 63, 15)
rgb(132, 53, 17)
rgb(249, 158, 163)
rgb(249, 178, 183)
rgb(249, 132, 142)
rgb(252, 102, 117)
rgb(252, 79, 89)
rgb(244, 63, 79)
rgb(239, 43, 45)
rgb(214, 40, 40)
rgb(204, 45, 48)
rgb(175, 38, 38)
rgb(160, 48, 51)
rgb(124, 33, 30)
rgb(91, 45, 40)
rgb(252, 191, 201)
rgb(252, 155, 178)
rgb(244, 84, 124)
rgb(224, 7, 71)
rgb(193, 5, 56)
rgb(168, 12, 53)
rgb(147, 22, 56)
rgb(247, 196, 216)
rgb(234, 107, 191)
rgb(219, 40, 165)
rgb(196, 0, 140)
rgb(168, 0, 122)
rgb(155, 0, 112)
rgb(135, 0, 91)
rgb(216, 168, 216)
rgb(209, 160, 204)
rgb(191, 147, 204)
rgb(198, 135, 209)
rgb(186, 124, 188)
rgb(170, 114, 191)
rgb(170, 71, 186)
rgb(158, 79, 165)
rgb(142, 71, 173)
rgb(147, 15, 165)
rgb(135, 43, 147)
rgb(102, 0, 140)
rgb(130, 12, 142)
rgb(112, 20, 122)
rgb(91, 2, 122)
rgb(112, 30, 114)
rgb(102, 17, 109)
rgb(86, 12, 112)
rgb(96, 45, 89)
rgb(91, 25, 94)
rgb(76, 20, 94)
rgb(201, 173, 216)
rgb(181, 145, 209)
rgb(155, 109, 198)
rgb(137, 79, 191)
rgb(86, 0, 140)
rgb(68, 35, 94)
rgb(173, 158, 211)
rgb(209, 206, 221)
rgb(191, 209, 229)
rgb(175, 188, 219)
rgb(147, 122, 204)
rgb(165, 160, 214)
rgb(165, 186, 224)
rgb(91, 119, 204)
rgb(114, 81, 188)
rgb(102, 86, 188)
rgb(94, 104, 196)
rgb(48, 68, 181)
rgb(79, 0, 147)
rgb(73, 48, 173)
rgb(45, 0, 142)
rgb(63, 0, 119)
rgb(63, 40, 147)
rgb(28, 20, 107)
rgb(30, 28, 119)
rgb(53, 0, 109)
rgb(51, 40, 117)
rgb(20, 22, 84)
rgb(25, 33, 104)
rgb(43, 12, 86)
rgb(43, 38, 91)
rgb(20, 33, 61)
rgb(17, 33, 81)
rgb(147, 198, 224)
rgb(96, 175, 221)
rgb(0, 142, 214)
rgb(0, 91, 191)
rgb(0, 84, 160)
rgb(0, 61, 107)
rgb(0, 51, 76)
rgb(186, 224, 226)
rgb(81, 191, 226)
rgb(0, 165, 219)
rgb(0, 132, 201)
rgb(0, 112, 158)
rgb(0, 84, 107)
rgb(0, 68, 84)
rgb(127, 214, 219)
rgb(45, 198, 214)
rgb(0, 183, 198)
rgb(0, 155, 170)
rgb(0, 132, 142)
rgb(0, 109, 117)
rgb(0, 86, 91)
rgb(135, 221, 209)
rgb(140, 224, 209)
rgb(122, 211, 193)
rgb(86, 214, 201)
rgb(71, 214, 193)
rgb(53, 196, 175)
rgb(0, 193, 181)
rgb(0, 198, 178)
rgb(0, 175, 153)
rgb(0, 170, 158)
rgb(0, 178, 160)
rgb(0, 155, 132)
rgb(0, 140, 130)
rgb(0, 153, 135)
rgb(0, 130, 112)
rgb(0, 96, 86)
rgb(0, 130, 114)
rgb(0, 107, 91)
rgb(0, 73, 63)
rgb(0, 79, 66)
rgb(0, 68, 56)
rgb(142, 226, 188)
rgb(84, 216, 168)
rgb(0, 201, 147)
rgb(0, 178, 122)
rgb(0, 124, 89)
rgb(0, 104, 71)
rgb(2, 73, 48)
rgb(242, 237, 109)
rgb(239, 234, 7)
rgb(237, 226, 17)
rgb(232, 221, 17)
rgb(181, 168, 12)
rgb(153, 140, 10)
rgb(109, 96, 2)
rgb(96, 76, 17)
rgb(135, 117, 48)
rgb(160, 145, 81)
rgb(188, 173, 117)
rgb(204, 191, 142)
rgb(219, 206, 165)
rgb(229, 219, 186)
rgb(71, 35, 17)
rgb(140, 89, 51)
rgb(178, 130, 96)
rgb(196, 153, 119)
rgb(216, 181, 150)
rgb(229, 198, 170)
rgb(237, 211, 188)
rgb(81, 38, 28)
rgb(124, 81, 61)
rgb(153, 112, 91)
rgb(181, 145, 124)
rgb(204, 175, 155)
rgb(216, 191, 170)
rgb(226, 204, 186)
rgb(68, 30, 28)
rgb(132, 73, 73)
rgb(165, 107, 109)
rgb(188, 135, 135)
rgb(216, 173, 168)
rgb(226, 188, 183)
rgb(237, 206, 198)
rgb(79, 33, 58)
rgb(117, 71, 96)
rgb(147, 107, 127)
rgb(173, 135, 153)
rgb(204, 175, 183)
rgb(224, 201, 204)
rgb(232, 214, 209)
rgb(71, 40, 53)
rgb(89, 51, 68)
rgb(142, 104, 119)
rgb(181, 147, 155)
rgb(204, 173, 175)
rgb(221, 198, 196)
rgb(229, 211, 204)
rgb(53, 38, 79)
rgb(73, 61, 99)
rgb(96, 86, 119)
rgb(140, 130, 153)
rgb(178, 168, 181)
rgb(204, 193, 198)
rgb(219, 211, 211)
rgb(2, 40, 58)
rgb(63, 96, 117)
rgb(96, 124, 140)
rgb(132, 153, 165)
rgb(175, 188, 191)
rgb(196, 204, 204)
rgb(214, 216, 211)
rgb(0, 53, 58)
rgb(25, 56, 51)
rgb(38, 104, 109)
rgb(58, 86, 79)
rgb(96, 145, 145)
rgb(102, 124, 114)
rgb(140, 175, 173)
rgb(145, 163, 153)
rgb(170, 196, 191)
rgb(175, 186, 178)
rgb(206, 216, 209)
rgb(201, 206, 196)
rgb(214, 221, 214)
rgb(206, 209, 198)
rgb(33, 61, 48)
rgb(79, 109, 94)
rgb(119, 145, 130)
rgb(150, 170, 153)
rgb(175, 191, 173)
rgb(196, 206, 191)
rgb(216, 219, 204)
rgb(35, 58, 45)
rgb(84, 104, 86)
rgb(114, 132, 112)
rgb(158, 170, 153)
rgb(188, 193, 178)
rgb(198, 204, 186)
rgb(214, 214, 198)
rgb(63, 73, 38)
rgb(66, 71, 22)
rgb(94, 102, 58)
rgb(107, 112, 43)
rgb(119, 124, 79)
rgb(140, 145, 79)
rgb(155, 158, 114)
rgb(170, 173, 117)
rgb(181, 181, 142)
rgb(198, 198, 153)
rgb(198, 198, 165)
rgb(211, 209, 170)
rgb(216, 214, 183)
rgb(224, 221, 188)
rgb(73, 68, 17)
rgb(117, 112, 43)
rgb(158, 153, 89)
rgb(178, 170, 112)
rgb(204, 198, 147)
rgb(214, 206, 163)
rgb(224, 219, 181)